10 1 4095 2557 0.6244200244200244
11 1 4095 1619 0.39536019536019534
12 1 4095 913 0.22295482295482297
13 1 4095 485 0.11843711843711843
14 1 4095 261 0.06373626373626373
15 1 4095 124 0.03028083028083028
16 1 4095 53 0.012942612942612943
17 1 4095 36 0.008791208791208791
18 1 4095 43 0.010500610500610501
19 1 4095 28 0.006837606837606838
20 1 4095 32 0.007814407814407814


10 2 4095 3057 0.7465201465201465
11 2 4095 1693 0.4134310134310134
12 2 4095 625 0.15262515262515264
13 2 4095 189 0.046153846153846156
14 2 4095 56 0.013675213675213675
15 2 4095 12 0.0029304029304029304
16 2 4095 6 0.0014652014652014652
17 2 4095 1 0.0002442002442002442
18 2 4095 1 0.0002442002442002442
19 2 4095 1 0.0002442002442002442
20 2 4094 3 0.0007327796775769418


10 3 4095 3495 0.8534798534798534
11 3 4095 1963 0.4793650793650794
12 3 4095 627 0.15311355311355312
13 3 4095 123 0.030036630036630037
14 3 4095 14 0.003418803418803419
15 3 4095 6 0.0014652014652014652
16 3 4095 0 0.0
17 3 4095 2 0.0004884004884004884
18 3 4095 0 0.0
19 3 4095 1 0.0002442002442002442
20 3 4095 0 0.0


10 4 4095 3803 0.9286935286935287
11 4 4095 2275 0.5555555555555556
12 4 4095 601 0.14676434676434677
13 4 4095 94 0.022954822954822957
14 4 4095 10 0.002442002442002442
15 4 4095 1 0.0002442002442002442
16 4 4095 0 0.0
17 4 4095 1 0.0002442002442002442
18 4 4095 2 0.0004884004884004884
19 4 4095 1 0.0002442002442002442
20 4 4095 0 0.0


10 5 4095 3970 0.9694749694749695
11 5 4095 2648 0.6466422466422467
12 5 4095 757 0.18485958485958487
13 5 4095 76 0.01855921855921856
14 5 4095 4 0.0009768009768009768
15 5 4095 0 0.0
16 5 4095 0 0.0
17 5 4095 0 0.0
18 5 4095 2 0.0004884004884004884
19 5 4095 1 0.0002442002442002442
20 5 4095 0 0.0


10 6 4095 3977 0.9711843711843712
11 6 4095 2920 0.7130647130647131
12 6 4095 989 0.24151404151404152
13 6 4095 91 0.022222222222222223
14 6 4095 6 0.0014652014652014652
15 6 4095 0 0.0
16 6 4095 1 0.0002442002442002442
17 6 4095 1 0.0002442002442002442
18 6 4095 2 0.0004884004884004884
19 6 4095 1 0.0002442002442002442
20 6 4095 3 0.0007326007326007326


10 7 4095 4095 1.0
11 7 4095 3175 0.7753357753357754
12 7 4095 1006 0.24566544566544565
13 7 4095 99 0.024175824175824177
14 7 4095 7 0.0017094017094017094
15 7 4095 1 0.0002442002442002442
16 7 4095 0 0.0
17 7 4095 0 0.0
18 7 4095 1 0.0002442002442002442
19 7 4095 0 0.0
20 7 4095 0 0.0


10 8 4095 4095 1.0
11 8 4095 3543 0.8652014652014652
12 8 4095 1198 0.29255189255189257
13 8 4095 93 0.02271062271062271
14 8 4095 4 0.0009768009768009768
15 8 4095 0 0.0
16 8 4095 0 0.0
17 8 4095 1 0.0002442002442002442
18 8 4095 2 0.0004884004884004884
19 8 4095 0 0.0
20 8 4095 0 0.0


